PRESENT
EU	AS	AU	NAM	SA
1	1	0.01	0.01	0.001
1	1	0.01	0.01	0.001
0.01	0.01	1	0.001	0.01
0.01	0.01	0.001	1	0.01
0.001	0.001	0.01	0.01	1

8TH BRIDGE
EU	AS	AU	NAM	SA
1	1	0.01	0.01	0.001
1	1	0.1	1	0.001
0.01	0.1	1	0.001	0.01
0.01	1	0.001	1	0.1
0.001	0.001	0.01	0.1	1

INTER 7TH-8TH BRIDGE
EU	AS	AU	NAM	SA
1	1	0.01	0.01	0.001
1	1	0.01	0.01	0.001
0.01	0.01	1	0.001	0.01
0.01	0.01	0.001	1	0.01
0.001	0.001	0.01	0.01	1

7TH BRIDGE
EU	AS	AU	NAM	SA
1	1	0.01	0.01	0.001
1	1	0.1	1	0.001
0.01	0.1	1	0.001	0.01
0.01	1	0.001	1	0.1
0.001	0.001	0.01	0.1	1

INTER 7TH-6TH BRIDGE
EU	AS	AU	NAM	SA
1	1	0.01	0.01	0.001
1	1	0.01	0.01	0.001
0.01	0.01	1	0.001	0.01
0.01	0.01	0.001	1	0.01
0.001	0.001	0.01	0.01	1

6TH BRIDGE
EU	AS	AU	NAM	SA
1	1	0.01	0.01	0.001
1	1	0.1	1	0.001
0.01	0.1	1	0.001	0.01
0.01	1	0.001	1	0.1
0.001	0.001	0.01	0.1	1

INTER 5TH-6TH BRIDGE
EU	AS	AU	NAM	SA
1	1	0.01	0.01	0.001
1	1	0.01	0.01	0.001
0.01	0.01	1	0.001	0.01
0.01	0.01	0.001	1	0.01
0.001	0.001	0.01	0.01	1

5TH BRIDGE
EU	AS	AU	NAM	SA
1	1	0.01	0.01	0.001
1	1	0.1	1	0.001
0.01	0.1	1	0.001	0.01
0.01	1	0.001	1	0.1
0.001	0.001	0.01	0.1	1

INTER 4TH-5TH BRIDGE
EU	AS	AU	NAM	SA
1	1	0.01	0.01	0.001
1	1	0.01	0.01	0.001
0.01	0.01	1	0.001	0.01
0.01	0.01	0.001	1	0.01
0.001	0.001	0.01	0.01	1

4TH BRIDGE
EU	AS	AU	NAM	SA
1	1	0.01	0.01	0.001
1	1	0.1	1	0.001
0.01	0.1	1	0.001	0.01
0.01	1	0.001	1	0.1
0.001	0.001	0.01	0.1	1

INTER 3RD-4TH BRIDGE
EU	AS	AU	NAM	SA
1	1	0.01	0.01	0.001
1	1	0.01	0.01	0.001
0.01	0.01	1	0.001	0.01
0.01	0.01	0.001	1	0.01
0.001	0.001	0.01	0.01	1

3RD BRIDGE
EU	AS	AU	NAM	SA
1	1	0.01	0.01	0.001
1	1	0.1	1	0.001
0.01	0.1	1	0.001	0.01
0.01	1	0.001	1	0.1
0.001	0.001	0.01	0.1	1

INTER 2ND-3RD BRIDGE - PANAMA ITSMUS IS CLOSED
EU	AS	AU	NAM	SA
1	1	0.01	0.01	0.001
1	1	0.01	0.01	0.001
0.01	0.01	1	0.001	0.01
0.01	0.01	0.001	1	0.01
0.001	0.001	0.01	0.01	1

INTER 2ND-3RD BRIDGE - PANAMA ITSMUS IS OPEN
EU	AS	AU	NAM	SA
1	1	0.01	0.01	0.001
1	1	0.01	0.01	0.001
0.01	0.01	1	0.001	0.01
0.01	0.01	0.001	1	0.001
0.001	0.001	0.01	0.001	1

2ND BRIDGE
EU	AS	AU	NAM	SA
1	1	0.01	0.01	0.001
1	1	0.01	1	0.001
0.01	0.01	1	0.001	0.01
0.01	1	0.001	1	0.001
0.001	0.001	0.01	0.001	1

INTER 1ST-2ND BRIDGE
EU	AS	AU	NAM	SA
1	1	0.01	0.01	0.001
1	1	0.01	0.01	0.001
0.01	0.01	1	0.001	0.01
0.01	0.01	0.001	1	0.001
0.001	0.001	0.01	0.001	1

1ST BRIDGE
EU	AS	AU	NAM	SA
1	1	0.01	0.01	0.001
1	1	0.01	1	0.001
0.01	0.01	1	0.001	0.01
0.01	1	0.001	1	0.001
0.001	0.001	0.01	0.001	1

END
